0 0 False 0 0 -14.19296 728.5356
0 0 False 0 0 -14.42506 728.3422
0 0 False 0 0 -14.50242 728.1295
0 0 False 0 0 -14.54111 728.0134
0 0 False 0 0 -14.54111 727.9941
0 0 False 0 0 -14.54111 727.9941
0 0 False 0 0 -14.54111 727.9941
0 0 False 0 0 -14.54111 727.9941
0 0 False 0 0 -14.54111 728.1488
0 0 False 0 0 -14.54111 728.2648
0 0 False 0 0 -14.54111 728.3422
0 0 False 0 0 -14.54111 728.3809
0 0 False 0 0 -14.54111 728.3809
0 0 False 0 0 -14.54111 728.3809
0 0 False 0 0 -14.54111 728.3809
0 0 False 0 0 -14.54111 728.3809
0 0 False 0 0 -14.54111 728.3809
0 0 False 0 0 -14.54111 728.3809
0 0 False 0 0 -14.54111 728.3809
0 0 False 0 0 -14.54111 728.3809
0 0 False 0 0 -14.07691 727.9941
0 0 False 0 0 -12.49091 727.0077
0 0 False 0 0 -10.55676 725.5184
0 0 False 0 0 -8.93208 723.8743
0 0 False 0 0 -8.158422 722.385
0 0 False 0 0 -7.926324 721.4566
0 0 False 0 0 -7.926324 721.0118
0 0 False 0 0 -7.965007 720.8571
0 0 False 0 0 -7.965007 720.8377
0 0 False 0 0 -7.965007 720.8377
0 0 False 0 0 -7.965007 720.8377
0 0 False 0 0 -7.965007 720.8377
0 0 False 0 0 -7.655543 720.8377
0 0 False 0 0 -7.423446 720.8377
0 0 False 0 0 -7.268714 720.8377
0 0 False 0 0 -7.191348 720.8377
0 0 False 0 0 -7.191348 720.8377
0 0 False 0 0 -7.500812 721.2245
0 0 False 0 0 -7.732909 721.5146
0 0 False 0 0 -7.887641 721.7081
0 0 False 0 0 -7.965007 721.8047
0 0 False 0 0 -7.965007 721.8047
1 0 False 1 1 -7.965007 721.8821
1 0 False 1 1 -7.965007 721.9402
1 0 False 1 1 -7.965007 721.9789
1 0 False 1 1 -7.965007 721.9982
1 0 False 1 1 -7.965007 721.9982
1 0 False 1 1 -7.965007 721.9982
1 0 False 1 1 -7.655543 722.0756
1 0 False 1 1 -6.495055 722.1337
1 0 False 1 1 -5.334567 722.2497
1 0 False 1 1 -4.560908 722.3271
1 0 False 1 1 -4.019347 722.5205
1 0 False 1 1 -3.516469 722.7333
1 0 False 1 1 -3.207006 722.8687
1 0 False 1 1 -3.013591 722.946
1 0 False 1 1 -2.936225 722.9654
1 0 False 1 1 -2.936225 722.9654
1 0 False 1 1 -2.936225 722.9654
1 0 False 1 1 -2.936225 722.9654
1 0 False 1 1 -2.936225 723.0428
1 0 False 1 1 -2.936225 722.9461
1 0 False 1 1 -2.936225 722.8687
1 0 False 1 1 -2.936225 722.9654
1 0 False 1 1 -2.936225 723.0428
1 0 False 1 1 -2.936225 723.1202
0 0 False 1 1 -2.936225 723.1589
0 0 False 1 1 -2.936225 723.1589
0 0 False 1 1 -2.936225 723.2363
0 0 False 1 1 -3.40042 723.2169
0 0 False 1 1 -5.141153 723.5844
0 0 False 1 1 -8.429203 723.9326
0 0 False 1 1 -13.84482 724.0873
0 0 False 1 1 -22.78057 724.3967
0 0 False 1 1 -34.9657 724.5515
0 0 False 1 1 -51.83147 725.4218
0 0 False 1 1 -75.69884 728.149
0 0 False 1 1 -80 733.0424
0 0 False 1 1 -80 742.4423
0 0 False 1 1 -80 756.7163
0 0 False 1 1 -80 775.6516
0 0 False 1 1 -80 794.7223
0 0 False 1 1 -80 816.3267
0 0 False 1 1 -80 834.5851
0 0 False 1 1 -76.40249 850.6385
1 0 False 1 1 -61.31614 864.9705
1 0 False 1 1 -35.28252 877.4265
1 0 False 1 1 -3.330406 887.8902
1 0 False 1 1 37.67352 897.793
1 0 True 1 1 78.52271 905.2782
1 0 True 1 1 80 909.5527
1 0 True 1 1 80 911.5642
1 0 True 1 1 80 911.9317
1 0 True 1 1 80 911.6996
1 0 True 1 1 80 911.6609
1 0 True 1 1 80 911.5062
1 0 True 1 1 80 911.274
1 0 True 1 1 80 910.8099
1 0 False 1 1 80 910.5391
1 0 False 1 1 80 910.5585
1 0 False 1 1 80 910.5585
1 0 False 1 1 80 910.7519
1 0 False 1 1 80 910.8679
0 0 False 1 1 80 910.3844
0 0 False 1 1 80 908.7791
0 0 False 1 1 80 906.7289
0 0 False 1 1 80 905.1042
0 0 False 1 1 80 903.8857
-1 0 False 1 1 80 903.17
-1 0 False 1 1 80 902.2997
-1 0 False 1 1 80 901.7388
-1 0 False 1 1 80 901.584
-1 0 False 1 1 80 901.2552
-1 0 False 1 1 79.88395 901.1005
-1 0 False 1 1 78.91688 900.5977
-1 0 False 1 1 76.47985 899.4565
-1 0 False 1 1 72.61156 897.8318
-1 0 False 1 1 68.08566 896.0137
-1 0 False 1 1 63.48238 893.6346
-1 0 False 1 1 58.72438 891.449
-1 0 False 1 1 51.8775 888.5865
0 0 False 1 1 42.78701 885.3758
0 0 False 1 1 30.75661 881.6816
0 0 False 1 1 15.16739 877.233
0 0 False 1 1 -3.787258 872.4557
0 0 False 1 1 -27.4999 867.0787
0 0 False 1 1 -53.14669 861.6631
0 0 False 1 1 -80 856.5377
0 0 False 1 1 -80 851.8763
0 0 False 1 1 -80 848.5883
0 0 False 1 1 -80 845.9966
1 0 False 1 1 -80 844.3332
1 0 False 1 1 -80 843.5209
1 0 False 1 1 -80 842.9987
1 0 False 1 1 -80 843.4242
1 0 False 1 1 -80 844.5073
1 0 False 1 1 -80 846.1514
1 0 True 1 1 -74.93253 847.9114
1 0 True 1 1 -57.9894 848.6658
1 0 True 1 1 -30.95002 848.2596
1 0 True 1 1 7.771606 847.3505
1 0 True 1 1 51.52202 846.5575
1 0 True 1 1 80 846.2094
1 0 True 1 1 80 845.8225
1 0 True 1 1 80 845.3003
1 0 True 1 1 80 844.8555
1 0 False 1 1 80 844.488
1 0 False 1 1 80 844.3139
1 0 False 1 1 80 843.7917
1 0 False 1 1 80 843.4242
1 0 False 1 1 80 842.5732
1 0 False 1 1 80 841.6835
0 0 False 1 1 80 840.6777
0 0 False 1 1 80 839.8654
-1 0 False 1 1 80 839.0531
-1 0 False 1 1 80 838.3375
-1 0 False 1 1 80 837.5444
-1 0 False 1 1 80 837.0416
-1 0 False 1 1 80 836.7901
-1 0 False 1 1 80 836.7708
-1 0 False 1 1 80 836.9835
-1 0 False 1 1 80 837.293
-1 0 False 1 1 80 837.2736
-1 0 False 1 1 80 837.0609
-1 0 False 1 1 80 836.7901
-1 0 False 1 1 80 836.5967
-1 0 False 1 1 80 836.6741
-1 0 False 1 1 80 836.616
-1 0 False 1 1 80 836.7321
-1 0 False 1 1 80 836.5773
-1 0 False 1 1 80 836.442
-1 0 False 1 1 80 836.1325
-1 0 False 1 1 78.99424 835.2041
-1 0 False 1 1 74.66175 833.4053
0 0 False 1 1 57.9894 829.3436
0 0 False 0 1 29.75085 823.87
0 0 False 0 0 -3.555162 818.5124
0 0 False 0 0 -45.13933 814.5281
0 0 False 0 0 -80 811.4915
0 0 False 0 0 -80 809.5767
0 0 False 0 0 -80 807.0623
0 0 False 0 0 -80 802.4396
0 0 False 0 0 -80 792.4981
0 0 False 0 0 -75.78356 778.1467
0 0 False 0 0 -66.49966 759.5015
0 0 False 0 0 -56.94497 740.5082
0 0 False 0 0 -49.63389 721.5922
0 0 False 0 0 -45.64955 703.6047
0 0 False 0 0 -44.41169 691.1101
0 0 False 0 0 -44.68248 683.1414
0 0 False 0 0 -45.14667 679.4472
0 0 False 0 0 -45.45613 678.2674
0 0 False 0 0 -45.57219 677.9193
0 0 False 0 0 -45.57219 677.8999
0 0 False 0 0 -45.57219 677.8225
0 0 False 0 0 -45.26272 677.5324
0 0 False 0 0 -44.72116 677.3196
0 0 False 0 0 -44.33433 677.1843
0 0 False 0 0 -44.10223 677.1262
0 0 False 0 0 -44.02487 677.1262
0 0 False 0 0 -44.02487 677.1262
0 0 False 0 0 -44.02487 677.1262
0 0 False 0 0 -44.02487 677.1262
0 0 False 0 0 -44.02487 677.0488
0 0 False 0 0 -44.02487 676.9908
0 0 False 0 0 -44.02487 676.9521
0 0 False 0 0 -44.02487 676.9327
0 0 False 0 0 -44.02487 676.9327
0 0 False 0 0 -44.02487 676.9327
0 0 False 0 0 -44.02487 676.9327
0 0 False 0 0 -44.02487 676.9327
0 0 False 0 0 -44.02487 676.9327
0 0 False 0 0 -44.02487 676.9327
0 0 False 0 0 -44.02487 676.9327
0 0 False 0 0 -44.02487 676.9327
0 0 False 0 0 -44.02487 676.9327
0 0 False 0 0 -44.02487 676.9327
0 0 False 0 0 -44.02487 676.9327
0 0 False 0 0 -44.02487 676.9327
0 0 False 0 0 -44.02487 676.9327
0 0 False 0 0 -44.02487 676.9327
0 0 False 0 0 -44.02487 676.9327
0 0 False 0 0 -44.02487 676.9327
0 0 False 0 0 -44.02487 676.9327
0 0 False 0 0 -42.94175 677.0875
0 0 False 0 0 -41.35574 676.9714
0 0 False 0 0 -40.0792 676.8748
0 0 False 0 0 -39.30555 676.72
0 0 False 0 0 -39.03476 676.604
0 0 False 0 0 -38.99608 676.5653
0 0 False 0 0 -38.99608 676.546
0 0 False 0 0 -38.99608 676.546
0 0 False 0 0 -38.99608 676.546
0 0 False 0 0 -38.99608 676.546
0 0 False 0 0 -38.99608 676.546
0 0 False 0 0 -38.99608 676.546
0 0 False 0 0 -38.99608 676.546
0 0 False 0 0 -38.99608 676.546
0 0 False 0 0 -38.99608 676.546
0 0 False 0 0 -38.99608 676.546
0 0 False 0 0 -38.99608 676.546
0 0 False 0 0 -38.99608 676.546
0 0 False 0 0 -38.99608 676.546
0 0 False 0 0 -38.99608 676.546
0 0 False 0 0 -38.99608 676.546
0 0 False 0 0 -38.99608 676.546
0 0 False 0 0 -38.99608 676.546
0 0 False 0 0 -38.99608 676.546
0 0 False 0 0 -38.99608 676.546
0 0 False 0 0 -38.99608 676.546
0 0 False 0 0 -38.99608 676.546
0 0 False 0 0 -38.99608 676.546
0 0 False 0 0 -38.99608 676.546
0 0 False 0 0 -38.99608 676.546
0 0 False 0 0 -38.99608 676.546
0 0 False 0 0 -38.99608 676.546
0 0 False 0 0 -38.99608 676.546
0 0 False 0 0 -38.99608 676.546
0 0 False 0 0 -38.99608 676.546
0 0 False 0 0 -38.99608 676.546
0 0 False 0 0 -38.99608 676.546
0 0 False 0 0 -38.99608 676.546
0 0 False 0 0 -38.99608 676.546
0 0 False 0 0 -38.99608 676.546
0 0 False 0 0 -38.99608 676.546
0 0 False 0 0 -38.99608 676.546
0 0 False 0 0 -38.99608 676.546
0 0 False 0 0 -38.99608 676.546
0 0 False 0 0 -38.99608 676.546
0 0 False 0 0 -38.99608 676.546
0 0 False 0 0 -38.99608 676.546
0 0 False 0 0 -38.99608 676.546
0 0 False 0 0 -38.99608 676.546
0 0 False 0 0 -38.99608 676.546
0 0 False 0 0 -38.99608 676.546
0 0 False 0 0 -38.99608 676.546
0 0 False 0 0 -38.99608 676.546
0 0 False 0 0 -38.99608 676.546
0 0 False 0 0 -38.99608 676.546
0 0 False 0 0 -38.99608 676.546
0 0 False 0 0 -38.99608 676.546
0 0 False 0 0 -38.99608 676.546
0 0 False 0 0 -38.99608 676.546
0 0 False 0 0 -38.99608 676.546
0 0 False 0 0 -38.99608 676.546
0 0 False 0 0 -38.99608 676.546
0 0 False 0 0 -38.99608 676.546
0 0 False 0 0 -38.99608 676.546
0 0 False 0 0 -38.99608 676.546
0 0 False 0 0 -38.99608 676.546
0 0 False 0 0 -38.99608 676.546
0 0 False 0 0 -38.99608 676.546
0 0 False 0 0 -38.99608 676.546
0 0 False 0 0 -38.99608 676.546
0 0 False 0 0 -38.99608 676.546
0 0 False 0 0 -38.99608 676.546
0 0 False 0 0 -38.99608 676.546
0 0 False 0 0 -38.99608 676.546
0 0 False 0 0 -38.99608 676.546
0 0 False 0 0 -38.99608 676.546
0 0 False 0 0 -38.99608 676.546
0 0 False 0 0 -38.99608 676.546
0 0 False 0 0 -38.99608 676.546
0 0 False 0 0 -38.99608 676.546
0 0 False 0 0 -38.99608 676.546
0 0 False 0 0 -38.99608 676.546
0 0 False 0 0 -38.99608 676.546
0 0 False 0 0 -38.99608 676.546
0 0 False 0 0 -38.99608 676.546
0 0 False 0 0 -38.99608 676.546
0 0 False 0 0 -38.99608 676.546
0 0 False 0 0 -38.99608 676.546
0 0 False 0 0 -38.99608 676.546
0 0 False 0 0 -38.99608 676.546
0 0 False 0 0 -38.99608 676.546
0 0 False 0 0 -38.99608 676.546
0 0 False 0 0 -38.99608 676.546
0 0 False 0 0 -38.99608 676.546
0 0 False 0 0 -38.99608 676.546
0 0 False 0 0 -38.99608 676.546
0 0 False 0 0 -38.99608 676.546
0 0 False 0 0 -38.99608 676.546
0 0 False 0 0 -38.99608 676.546
0 0 False 0 0 -38.99608 676.546
0 0 False 0 0 -38.99608 676.546
0 0 False 0 0 -38.99608 676.546
0 0 False 0 0 -38.99608 676.546
0 0 False 0 0 -38.99608 676.546
0 0 False 0 0 -38.99608 676.546
0 0 False 0 0 -38.99608 676.546
0 0 False 0 0 -38.99608 676.546
0 0 False 0 0 -38.99608 676.546
0 0 False 0 0 -38.99608 676.546
0 0 False 0 0 -38.99608 676.546
0 0 False 0 0 -38.99608 676.546
