0 0 False 0 0 -19.56163 183.2085
0 0 False 0 0 -19.56163 183.2085
0 0 False 0 0 -19.56163 183.2085
0 0 False 0 0 -19.56163 183.2085
0 0 False 0 0 -19.56163 183.2085
0 0 False 0 0 -19.56163 183.2085
0 0 False 0 0 -19.56163 183.2085
0 0 False 0 0 -19.56163 183.2085
0 0 False 0 0 -19.56163 183.2085
0 0 False 0 0 -19.56163 183.2085
0 0 False 0 0 -19.56163 183.2085
0 0 False 0 0 -19.56163 183.2085
0 0 False 0 0 -19.56163 183.2085
0 0 False 0 0 -19.56163 183.2085
0 0 False 0 0 -19.56163 183.2085
0 0 False 0 0 -19.56163 183.2085
0 0 False 0 0 -19.56163 183.2085
0 0 False 0 0 -19.56163 183.2085
0 0 False 0 0 -19.56163 183.2085
0 0 False 0 0 -19.56163 183.2085
0 0 False 0 0 -19.56163 183.2085
0 0 False 0 0 -19.56163 183.2085
0 0 False 0 0 -19.56163 183.2085
0 0 False 0 0 -19.56163 183.2085
0 0 False 0 0 -19.56163 183.2085
0 0 False 0 0 -19.56163 183.2085
0 0 False 0 0 -19.56163 183.2085
0 0 False 0 0 -19.56163 183.2085
0 0 False 0 0 -19.56163 183.2085
0 0 False 0 0 -19.56163 183.2085
0 0 False 0 0 -19.56163 183.2085
0 0 False 0 0 -19.56163 183.2085
0 0 False 0 0 -19.62197 183.2085
0 0 False 1 0 -19.66723 183.2085
0 0 False 1 1 -19.6974 183.2085
0 0 False 1 1 -19.71248 183.2085
0 0 False 1 1 -19.71248 183.2085
0 0 False 1 1 -19.83316 183.2387
0 0 False 1 1 -19.98401 183.2613
0 0 False 1 1 -20.33097 183.3367
0 0 False 1 1 -20.87403 183.4197
0 0 False 1 1 -20.87403 183.4197
0 0 False 1 1 -22.20152 183.563
0 0 False 1 1 -23.86088 183.6912
0 0 False 1 1 -25.74652 183.7667
0 0 False 1 1 -27.78301 183.8044
0 0 False 1 1 -27.78301 183.8044
0 0 False 1 1 -31.10173 183.8119
0 0 False 1 1 -34.39028 183.8119
0 0 False 1 1 -37.37713 183.8119
0 0 False 1 1 -39.85109 183.8119
0 0 False 1 1 -39.85109 183.8119
0 0 False 1 1 -43.29049 183.9326
0 0 False 1 1 -46.35277 184.0835
0 0 False 1 1 -49.33962 184.2796
0 0 False 1 1 -52.02477 184.4379
0 0 False 1 1 -52.02477 184.4379
0 0 False 1 1 -55.08704 184.5813
0 0 False 1 1 -57.63642 184.6642
0 0 False 1 1 -59.79359 184.7019
0 0 False 1 1 -61.42278 184.717
0 0 False 1 1 -61.42278 184.717
0 0 False 1 1 -62.8257 184.6567
0 0 False 1 1 -63.89674 184.6114
0 0 False 1 1 -64.66608 184.5813
0 0 False 1 1 -65.13371 184.536
0 0 False 1 1 -65.13371 184.536
0 0 False 1 1 -65.4505 184.5134
0 0 False 1 1 -65.61644 184.4983
0 0 False 1 1 -65.69186 184.4908
0 0 False 1 1 -65.72203 184.4908
0 0 False 1 1 -65.72203 184.4908
0 0 False 1 1 -65.72203 184.4908
0 0 False 1 1 -65.72203 184.4908
0 0 False 1 1 -65.72203 184.4908
0 0 False 1 1 -65.72203 184.4908
0 0 False 1 1 -65.72203 184.4908
0 0 False 1 1 -65.72203 184.4908
0 0 False 1 1 -65.72203 184.4908
0 0 False 1 1 -65.72203 184.4908
0 0 False 1 1 -65.72203 184.4908
0 0 False 1 1 -65.72203 184.4908
0 0 False 1 1 -65.72203 184.4908
0 0 False 1 1 -65.72203 184.4908
0 0 False 1 1 -65.72203 184.4908
0 0 False 1 1 -65.72203 184.4908
0 0 False 1 1 -65.72203 184.4908
0 0 False 1 1 -65.72203 184.4908
0 0 False 1 1 -65.72203 184.4908
0 0 False 1 1 -65.72203 184.4908
0 0 False 1 1 -65.72203 184.4908
0 0 False 1 1 -65.72203 184.4908
0 0 False 1 1 -65.72203 184.4908
0 0 False 1 1 -65.72203 184.4908
0 0 False 1 1 -65.66169 184.4606
0 0 False 1 1 -65.49575 184.4078
0 0 False 1 1 -65.49575 184.4078
0 0 False 1 1 -65.01303 184.2796
0 0 False 1 1 -64.42471 184.1589
0 0 False 1 1 -63.67046 184.0533
0 0 False 1 1 -62.76535 183.993
0 0 False 1 1 -62.76535 183.993
0 0 False 1 1 -60.63836 183.91
0 0 False 1 1 -58.07389 183.8572
0 0 False 1 1 -55.04178 183.827
0 0 False 1 1 -51.54204 183.812
0 0 False 1 1 -51.54204 183.812
0 0 False 1 1 -45.02528 183.812
0 0 False 1 1 -37.709 183.812
0 0 False 1 1 -29.98543 183.812
0 0 False 1 1 -21.29642 183.8421
0 0 False 1 1 -21.29642 183.8421
0 0 False 1 0 -7.644404 184.1363
0 0 False 0 0 6.264055 184.536
0 0 False 0 0 20.00658 184.9358
0 0 False 0 0 32.31602 185.2148
0 0 False 0 0 32.31602 185.2148
0 0 False 0 0 44.05223 185.3129
0 0 False 0 0 52.65073 185.2752
0 0 False 0 0 59.22784 185.2224
1 0 True 0 0 64.83949 185.1847
1 0 True 0 0 64.83949 185.1847
1 0 True 0 0 72.62341 185.1998
1 0 True 0 0 80 185.2224
1 0 True 0 0 80 185.2375
1 0 True 0 0 80 185.245
1 0 True 0 0 80 185.245
1 0 True 0 0 80 185.245
1 0 True 0 0 80 185.245
1 0 True 0 0 80 185.245
1 0 True 0 0 80 185.245
1 0 True 0 0 80 185.245
1 0 True 0 0 80 185.245
1 0 True 0 0 80 185.245
1 0 True 0 0 80 185.245
1 0 True 0 0 80 185.245
1 0 True 0 0 80 185.245
0 0 True 0 0 80 185.245
0 0 True 0 0 80 185.245
0 0 True 0 0 80 185.245
0 0 True 0 0 80 185.245
0 0 True 0 0 80 185.245
0 0 True 0 0 80 185.245
0 0 True 0 0 80 185.245
-1 0 True 0 0 80 185.245
-1 0 True 0 0 80 185.245
-1 0 True 0 0 80 185.245
-1 0 True 0 0 80 185.245
-1 0 True 0 0 80 185.245
-1 0 True 0 0 80 185.245
-1 0 True 0 0 80 185.245
-1 0 True 0 0 80 185.245
-1 0 True 0 0 80 185.245
-1 0 True 0 0 80 185.245
-1 0 True 0 0 80 185.245
-1 0 True 0 0 80 185.245
-1 0 True 0 0 80 185.245
-1 0 True 0 0 80 185.2752
-1 0 True 0 0 79.93966 185.2978
-1 0 True 0 0 79.71338 185.3431
-1 0 True 0 0 79.24574 185.4637
-1 0 True 0 0 79.24574 185.4637
-1 0 False 0 0 78.18979 185.7277
-1 0 False 0 0 76.84721 186.0068
-1 0 False 0 0 75.29345 186.3387
-1 0 False 0 0 73.34747 186.7535
-1 0 False 0 0 73.34747 186.7535
-1 0 False 0 0 69.54603 187.553
-1 0 False 0 0 65.74458 188.345
-1 0 False 0 0 62.15433 189.0917
-1 0 False 0 0 58.59425 189.7706
-1 0 False 0 0 58.59425 189.7706
-1 0 False 0 0 54.64195 190.4946
-1 0 False 0 0 51.17238 191.1282
-1 0 False 0 0 48.36655 191.5959
-1 0 False 0 0 46.23955 191.9353
-1 0 False 0 0 46.23955 191.9353
-1 0 False 0 0 44.58019 192.2143
-1 0 False 0 0 43.46389 192.3727
-1 0 False 0 0 42.81524 192.4859
-1 0 False 0 0 42.46828 192.5387
-1 0 False 0 0 42.46828 192.5387
0 0 False 0 0 42.16658 192.6141
0 0 False 0 0 41.98555 192.6669
0 0 False 0 0 41.75928 192.7272
0 0 False 0 0 41.62351 192.7649
0 0 False 0 0 41.62351 192.7649
0 0 False 0 0 41.50283 192.8102
0 0 False 0 0 41.42741 192.8404
0 0 False 0 0 41.39724 192.8555
0 0 False 0 0 41.26147 192.863
0 0 False 0 0 41.26147 192.863
0 0 False 0 0 41.11062 192.8932
0 0 False 0 0 40.94468 192.9158
0 0 False 0 0 40.83909 192.9309
0 0 False 0 0 40.79383 192.9384
0 0 False 0 0 40.79383 192.9384
0 0 False 0 0 40.77875 192.9384
0 0 False 0 0 40.77875 192.9384
0 0 False 0 0 40.77875 192.9384
0 0 False 0 0 40.77875 192.9384
0 0 False 0 0 40.77875 192.9384
0 0 False 0 0 40.77875 192.9384
0 0 False 0 0 40.77875 192.9384
0 0 False 0 0 40.77875 192.9384
0 0 False 0 0 40.77875 192.9384
0 0 False 0 0 40.77875 192.9384
0 0 False 0 0 40.77875 192.9384
0 0 False 0 0 40.77875 192.9384
0 0 False 0 0 40.77875 192.9384
0 0 False 0 0 40.77875 192.9384
0 0 False 0 0 40.77875 192.9384
0 0 False 0 0 40.77875 192.9384
0 0 False 0 0 40.77875 192.9384
0 0 False 0 0 40.77875 192.9384
0 0 False 0 0 40.65807 192.9987
0 0 False 0 0 40.65807 192.9987
0 0 False 0 0 40.02449 193.044
0 0 False 0 0 39.13447 193.0742
0 0 False 0 0 38.15394 193.0893
0 0 False 0 0 37.23375 193.0893
0 0 False 0 0 37.23375 193.0893
0 0 False 0 0 36.60017 193.0893
0 0 False 0 0 36.2683 193.0893
0 0 False 0 0 36.13254 193.0893
0 0 False 0 0 36.10237 193.0893
0 0 False 0 0 36.10237 193.0893
0 0 False 0 0 36.10237 193.0893
0 0 False 0 0 36.10237 193.0893
0 0 False 0 0 36.10237 193.0893
0 0 False 0 0 36.10237 193.0893
0 0 False 0 0 36.10237 193.0893
0 0 False 0 0 36.10237 193.0893
0 0 False 0 0 36.10237 193.0893
0 0 False 0 0 36.10237 193.0893
0 0 False 0 0 36.10237 193.0893
0 0 False 0 0 36.10237 193.0893
0 0 False 0 0 36.10237 193.0893
0 0 False 0 0 36.10237 193.0893
0 0 False 0 0 36.10237 193.0893
0 0 False 0 0 36.10237 193.0893
0 0 False 0 0 36.10237 193.0893
0 0 False 0 0 36.10237 193.0893
0 0 False 0 0 36.10237 193.0893
0 0 False 0 0 36.10237 193.0893
0 0 False 0 0 36.10237 193.0893
0 0 False 0 0 36.10237 193.0893
0 0 False 0 0 36.10237 193.0893
0 0 False 0 0 36.10237 193.0893
0 0 False 0 0 36.10237 193.0893
0 0 False 0 0 36.10237 193.0893
0 0 False 0 0 36.10237 193.0893
0 0 False 0 0 36.10237 193.0893
0 0 False 0 0 36.10237 193.0893
0 0 False 0 0 36.10237 193.0893
0 0 False 0 0 36.10237 193.0893
0 0 False 0 0 36.10237 193.0893
0 0 False 0 0 36.10237 193.0893
0 0 False 0 0 36.10237 193.0893
0 0 False 0 0 36.10237 193.0893
0 0 False 0 0 36.10237 193.0893
0 0 False 0 0 36.10237 193.0893
0 0 False 0 0 36.10237 193.0893
0 0 False 0 0 36.10237 193.0893
0 0 False 0 0 36.10237 193.0893
0 0 False 0 0 36.10237 193.0893
0 0 False 0 0 36.10237 193.0893
0 0 False 0 0 36.10237 193.0893
0 0 False 0 0 36.10237 193.0893
