0 0 False 0 0 -3.833032 74.67731
0 0 False 0 0 -3.833032 74.67731
0 0 False 0 0 -3.833032 74.67731
0 0 False 0 0 -3.833032 74.67731
0 0 False 0 0 -3.833032 74.67731
0 0 False 0 0 -3.833032 74.67731
0 0 False 0 0 -3.833032 74.67731
0 0 False 0 0 -3.833032 74.67731
0 0 False 0 0 -3.833032 74.67731
0 0 False 0 0 -3.833032 74.67731
0 0 False 0 0 -3.833032 74.67731
0 0 False 0 0 -3.833032 74.67731
0 0 False 0 0 -3.833032 74.67731
0 0 False 0 0 -3.833032 74.67731
0 0 False 0 0 -3.833032 74.67731
0 0 False 0 0 -3.833032 74.67731
0 0 False 0 0 -3.833032 74.67731
0 0 False 0 0 -3.833032 74.67731
0 0 False 0 0 -3.833032 74.67731
0 0 False 0 0 -3.833032 74.67731
0 0 False 0 0 -3.833032 74.67731
0 0 False 0 0 -3.911453 74.71652
0 0 False 0 0 -4.048692 74.86356
0 0 False 0 0 -4.225141 75.12823
0 0 False 0 0 -4.57804 75.78502
0 0 False 0 0 -4.891727 76.40259
0 0 False 0 0 -5.479892 77.22602
0 0 False 0 0 -5.872001 77.74557
0 0 False 0 0 -6.479771 78.35334
0 0 False 0 0 -7.107146 79.00032
0 0 False 0 0 -7.47965 79.38263
0 -1 False 0 0 -7.773733 79.84336
-1 -1 False 0 0 -7.891366 80.12764
-1 -1 False 0 0 -7.930576 80.43153
-1 -1 False 0 0 -8.028604 80.78442
-1 -1 False 0 0 -8.165842 81.14713
-1 -1 False 0 0 -8.263869 81.4216
-1 0 False 0 0 -8.401108 81.72549
-1 0 False 0 0 -8.479529 81.90194
-1 1 False 0 0 -8.518741 81.99017
-1 1 False 0 0 -8.538346 82.02937
-1 1 False 0 0 -8.538346 82.02937
0 1 False 0 0 -8.538346 82.02937
0 1 False 0 0 -8.538346 82.02937
0 0 False 0 0 -8.538346 82.02937
0 0 False 0 0 -8.538346 82.02937
0 0 False 0 0 -8.69519 82.147
0 0 False 0 0 -9.91073 83.01945
0 0 False 0 0 -11.28311 83.98012
0 0 False 0 0 -13.55735 85.42112
0 0 False 0 0 -15.5375 86.55824
0 0 False 0 0 -17.69411 87.56792
0 0 False 0 0 -19.73307 88.31293
0 0 False 0 0 -21.20349 88.75405
0 0 False 0 0 -22.75232 89.06774
0 0 False 0 0 -23.69338 89.20498
0 0 False 0 1 -24.41879 89.30301
0 0 False 1 1 -24.81089 89.35202
0 0 False 1 1 -24.94813 89.37163
0 0 False 1 1 -25.08537 89.38143
1 0 False 1 1 -25.14419 89.38143
1 0 False 1 1 -25.1834 89.38143
1 0 False 1 1 -25.203 89.38143
1 0 False 1 1 -25.203 89.38143
1 0 False 1 1 -25.203 89.38143
1 0 False 1 1 -25.203 89.38143
1 0 False 1 1 -25.203 89.38143
1 0 False 1 1 -25.203 89.38143
1 0 False 1 1 -25.28143 89.42064
1 0 False 1 1 -25.34024 89.45005
1 0 False 1 1 -25.37945 89.46966
1 0 False 1 1 -25.39906 89.47946
1 0 False 1 1 -25.39906 89.47946
1 0 False 1 1 -25.47748 89.55788
1 0 False 1 1 -25.61472 89.6167
1 0 False 1 1 -25.94801 89.49907
1 0 False 1 1 -26.2617 89.36183
1 0 False 1 1 -26.53618 89.17558
1 0 False 1 1 -26.84987 88.94032
1 0 False 1 1 -27.18316 88.64623
1 0 False 1 1 -27.39882 88.45018
1 0 False 1 1 -27.51645 88.34235
1 0 False 1 1 -27.63409 88.14629
1 0 False 1 1 -27.77133 87.95024
1 0 False 1 1 -27.86935 87.73458
1 0 False 1 1 -27.92817 87.4405
1 0 False 1 1 -27.94778 87.06799
1 0 False 1 1 -27.94778 86.50924
1 0 False 1 1 -27.94778 86.05831
1 0 False 1 1 -27.94778 85.51916
1 0 False 1 1 -27.94778 85.11725
1 0 False 1 1 -27.94778 84.82317
1 0 False 1 1 -27.94778 84.42126
1 0 False 1 1 -27.94778 84.06836
1 0 False 1 1 -27.94778 83.45079
1 0 False 1 1 -27.94778 82.68618
1 0 False 1 1 -27.94778 82.19604
1 0 True 1 1 -27.94778 81.09814
1 0 True 1 1 -27.94778 80.39234
1 0 True 1 1 -27.94778 79.35325
1 0 True 1 1 -27.94778 78.36317
1 -1 True 1 1 -27.94778 77.34369
1 -1 True 1 1 -27.94778 76.59868
1 -1 True 1 1 -27.94778 76.18697
1 -1 True 1 1 -27.94778 75.9615
1 -1 True 1 1 -27.94778 75.89288
1 -1 True 1 1 -27.94778 75.82426
1 -1 True 1 1 -27.94778 75.62821
1 -1 True 1 1 -27.94778 75.37334
1 -1 True 1 1 -27.94778 74.96163
1 -1 True 1 1 -27.94778 74.41268
1 -1 True 1 1 -27.94778 73.66767
1 -1 True 1 1 -27.94778 72.78542
1 -1 True 1 1 -27.94778 72.03061
1 -1 True 1 1 -27.94778 70.60921
1 -1 True 1 1 -27.94778 69.129
1 -1 True 1 1 -27.94778 67.90366
1 -1 True 1 1 -27.94778 66.59009
1 -1 True 1 1 -27.94778 65.5608
1 -1 True 1 1 -28.0262 63.70808
1 -1 True 1 1 -28.24186 62.11023
1 -1 True 1 1 -28.63397 59.88501
1 -1 True 1 1 -28.98687 57.51275
1 -1 True 1 1 -29.28095 54.91502
1 -1 True 1 1 -29.51622 52.77803
1 -1 True 1 1 -29.71227 50.8959
1 -1 True 1 1 -29.8299 49.75878
1 -1 True 1 1 -29.88872 49.19022
1 -1 True 1 1 -29.90833 48.94516
1 -1 True 1 1 -29.90833 48.90594
1 -1 True 1 1 -29.90833 48.89614
1 -1 True 1 1 -29.90833 48.89614
1 -1 True 1 1 -29.8299 48.89614
1 -1 True 1 1 -29.77109 48.89614
1 -1 True 1 1 -29.33977 48.66087
1 -1 True 1 1 -29.02608 47.93547
1 -1 True 1 1 -28.83002 47.09243
1 -1 True 1 1 -28.81042 45.8965
1 -1 True 1 1 -29.18292 44.15161
1 -1 True 1 1 -29.4574 43.0243
1 -1 True 1 1 -29.79069 41.43625
1 -1 True 1 1 -30.22201 39.4659
1 -1 True 1 1 -30.63373 37.76022
1 -1 True 1 1 -30.98663 36.30942
1 -1 True 1 1 -31.41795 35.08408
1 -1 True 1 1 -31.75124 34.0842
1 -1 True 1 1 -32.02571 33.26077
1 -1 True 1 1 -32.26098 32.28049
1 -1 True 1 1 -32.53546 31.14338
1 -1 True 1 1 -32.86875 30.10429
1 -1 True 1 1 -33.08441 29.46711
1 -1 True 1 1 -33.43731 28.78092
1 -1 True 1 1 -33.65297 28.40841
1 -1 True 1 1 -33.84903 27.97709
1 -1 True 1 1 -34.04508 27.46735
1 -1 True 1 1 -34.29995 26.82037
1 -1 True 1 1 -34.4764 26.26161
1 -1 True 1 1 -34.57443 25.54601
1 -1 True 1 1 -34.61364 24.86962
1 -1 True 1 1 -34.61364 24.27166
1 -1 True 1 1 -34.61364 23.86974
1 -1 True 1 1 -34.61364 23.56586
1 -1 True 1 1 -34.61364 23.40902
1 -1 True 1 1 -34.61364 23.26197
1 -1 True 1 1 -34.61364 23.09533
1 -1 True 1 1 -34.61364 22.80124
1 -1 True 1 1 -34.61364 22.51697
1 -1 True 1 1 -34.61364 22.22288
1 -1 True 1 1 -34.61364 21.85038
1 -1 True 1 1 -34.61364 21.5465
1 -1 True 1 1 -34.61364 21.32103
1 -1 True 1 1 -34.61364 21.2034
1 -1 True 1 1 -34.53522 21.04655
1 -1 True 1 1 -34.31956 20.83089
1 -1 True 1 1 -34.16271 20.68385
1 -1 True 1 1 -33.67258 20.36036
0 0 False 1 1 -32.94717 19.95845
0 0 False 1 1 -31.35913 19.38009
0 0 False 1 1 -29.06529 18.79192
0 0 False 1 1 -26.83027 18.3606
0 0 False 1 1 -21.75245 17.92928
0 0 False 1 1 -15.83159 17.85086
0 0 False 0 0 -10.51851 17.96849
0 0 False 0 0 -4.303569 18.28218
0 0 False 0 0 4.126787 18.6841
0 0 False 0 0 13.14531 18.96837
0 0 False 0 0 22.65396 19.12522
0 0 False 0 0 34.12317 19.18403
0 0 False 0 0 43.57301 19.19384
0 0 False 0 0 49.18018 19.19384
0 0 False 0 0 64.296 19.31147
0 0 False 0 0 79.19616 19.43891
0 0 False 0 0 80 19.52713
0 0 False 0 0 80 19.57614
0 0 False 0 0 80 19.58595
0 0 True 0 0 80 19.58595
1 0 True 0 0 80 19.62516
1 0 True 0 0 80 19.65456
1 0 True 0 0 80 19.67417
1 0 True 0 0 80 19.68397
0 0 False 0 0 80 19.68397
0 0 False 0 0 80 19.68397
0 0 False 0 0 80 19.68397
0 0 False 0 0 80 19.68397
0 0 False 0 0 80 19.68397
0 0 False 0 0 80 19.68397
0 0 False 0 0 80 19.68397
0 0 False 0 0 80 19.68397
0 0 False 0 0 80 19.68397
0 0 False 0 0 80 19.68397
0 0 False 0 0 80 19.68397
0 0 False 0 0 80 19.68397
0 0 False 0 0 80 19.68397
0 0 False 0 0 80 19.68397
-1 0 False 0 0 80 19.68397
-1 0 False 0 0 80 19.68397
-1 0 False 0 0 80 19.68397
-1 0 False 0 0 80 19.68397
0 0 False 0 0 80 19.68397
0 0 False 0 0 80 19.68397
0 0 False 0 0 80 19.68397
0 0 False 0 0 80 19.68397
0 0 False 0 0 80 19.68397
0 0 False 0 0 80 19.68397
0 0 False 0 0 80 19.68397
0 0 False 0 0 80 19.68397
0 0 False 0 0 80 19.68397
0 0 False 0 0 80 19.68397
0 0 False 0 0 80 19.68397
0 0 False 0 0 80 19.68397
0 0 False 0 0 80 19.68397
0 0 False 0 0 80 19.68397
0 0 False 0 0 80 19.68397
0 0 False 0 0 80 19.68397
0 0 False 0 0 80 19.68397
0 0 False 0 0 80 19.68397
0 0 False 0 0 80 19.68397
0 0 False 0 0 80 19.64476
0 0 False 0 0 79.98039 19.53693
0 0 False 0 0 79.96078 19.45851
0 0 False 0 0 77.11799 18.7037
0 0 False 0 0 73.64782 18.03711
0 0 False 0 0 65.90366 17.79204
0 0 False 0 0 56.37539 18.25277
0 0 False 0 0 46.57265 19.51733
0 0 False 0 0 37.49532 21.25241
0 0 False 0 0 31.26078 22.79144
0 0 False 0 0 24.71255 24.63436
0 0 False 0 0 19.5171 26.05575
0 0 False 0 0 15.89008 26.97721
0 0 False 0 0 12.16504 27.73202
0 0 False 0 0 9.028164 28.23196
0 0 False 0 0 6.106947 28.63387
0 0 False 0 0 3.773896 28.94756
0 0 False 0 0 2.479934 29.1044
0 0 False 0 0 1.813347 29.17302
0 0 False 0 0 1.49966 29.19263
0 0 False 0 0 1.382027 29.19263
0 0 False 0 0 1.32321 29.19263
0 0 False 0 0 1.303605 29.19263
0 0 False 0 0 1.303605 29.19263
0 0 False 0 0 1.303605 29.19263
0 0 False 0 0 1.303605 29.19263
0 0 False 0 0 1.303605 29.19263
0 0 False 0 0 1.303605 29.19263
0 0 False 0 0 1.303605 29.19263
0 0 False 0 0 1.303605 29.19263
0 0 False 0 0 1.303605 29.19263
0 0 False 0 0 1.303605 29.19263
0 0 False 0 0 0.8330735 29.34947
0 0 False 0 0 -0.1472004 29.70237
0 0 False 0 0 -1.323529 30.1533
0 0 False 0 0 -2.264592 30.5356
0 0 False 0 0 -3.088022 30.8689
0 0 False 0 0 -3.597765 31.08456
0 0 False 0 0 -3.931058 31.2316
0 0 False 0 0 -4.107507 31.31002
0 0 False 0 0 -4.166324 31.33943
0 0 False 0 0 -4.185929 31.34923
0 0 False 0 0 -4.185929 31.34923
0 0 False 0 0 -4.185929 31.34923
0 0 False 0 0 -4.185929 31.34923
0 0 False 0 0 -4.185929 31.34923
0 0 False 0 0 -4.185929 31.34923
0 0 False 0 0 -4.185929 31.34923
0 0 False 0 0 -4.185929 31.34923
0 0 False 0 0 -4.185929 31.34923
0 0 False 0 0 -4.185929 31.34923
0 0 False 0 0 -4.185929 31.34923
0 0 False 0 0 -4.185929 31.34923
0 0 False 0 0 -4.185929 31.34923
0 0 False 0 0 -4.185929 31.34923
0 0 False 0 0 -4.185929 31.34923
0 0 False 0 0 -4.185929 31.34923
0 0 False 0 0 -4.185929 31.34923
0 0 False 0 0 -4.185929 31.34923
