0 0 False 0 0 -2.766667 -428.2814
0 0 False 0 0 -2.766667 -428.2814
0 0 False 0 0 -2.766667 -428.2814
0 0 False 0 0 -2.766667 -428.2814
0 0 False 0 0 -2.766667 -428.2814
0 0 False 0 0 -2.766667 -428.2814
0 0 False 0 0 -2.766667 -428.2814
0 0 False 0 0 -2.766667 -428.2814
0 0 False 0 0 -2.766667 -428.2814
0 0 False 0 0 -2.766667 -428.2814
0 0 False 0 0 -4.017791 -427.8484
0 0 False 0 0 -6.014777 -427.1867
0 0 False 0 0 -7.434322 -426.7175
0 0 False 0 0 -8.661386 -426.3927
0 0 False 0 0 -9.214767 -426.2724
0 0 False 0 0 -9.695969 -426.104
0 0 False 0 0 -10.00875 -425.9837
0 0 False 0 0 -10.15311 -425.9115
0 0 False 0 0 -10.22529 -425.8754
0 0 False 0 0 -10.22529 -425.8754
0 0 False 0 0 -10.32153 -425.7792
0 0 False 0 0 -10.39371 -425.6589
0 0 False 0 0 -10.53807 -425.4784
0 0 False 0 0 -10.63431 -425.3581
0 0 False 0 0 -10.68243 -425.298
0 0 False 0 0 -10.70649 -425.2739
0 0 False 0 0 -10.70649 -425.2739
0 0 False 0 1 -10.70649 -425.2739
0 0 False 1 1 -10.70649 -425.2739
0 0 False 1 1 -10.70649 -425.2739
0 0 False 1 1 -10.80273 -425.1777
0 0 False 1 1 -10.87491 -425.1055
0 0 False 1 1 -11.01927 -424.913
0 0 False 1 1 -11.21175 -424.6844
0 0 False 1 1 -11.33205 -424.492
0 0 False 1 1 -11.50047 -424.3235
0 0 False 1 1 -11.59671 -424.1912
0 0 False 1 1 -11.64483 -424.119
0 0 False 1 1 -11.66889 -424.0829
0 0 False 1 1 -11.66889 -424.0709
0 0 False 1 1 -11.66889 -424.0709
0 0 False 1 1 -11.66889 -424.0709
0 0 True 1 1 -11.66889 -424.0709
0 0 True 1 1 -11.66889 -424.0709
0 0 True 1 1 -11.66889 -424.0709
0 0 True 1 1 -11.66889 -424.0709
0 0 True 1 1 -11.66889 -424.0709
0 0 True 1 1 -11.66889 -424.0709
0 0 True 1 1 -11.66889 -424.0709
0 0 True 1 1 -11.66889 -424.0709
0 0 True 1 1 -11.66889 -424.0709
0 0 True 1 1 -11.66889 -424.0228
0 0 True 1 1 -11.66889 -423.9867
0 0 True 1 1 -11.66889 -423.9626
0 0 True 1 1 -11.66889 -423.9506
0 0 True 1 1 -11.57265 -423.9025
0 0 True 1 1 -11.40423 -423.9145
0 0 True 1 1 -11.18769 -423.9265
0 0 True 1 1 -10.85085 -423.9386
0 0 True 1 1 -10.53807 -423.9506
0 0 True 1 1 -10.05687 -423.9506
0 0 True 1 1 -9.744089 -423.9506
0 0 True 1 1 -9.190707 -423.8543
0 0 True 1 1 -8.733565 -423.7822
0 0 True 1 1 -8.468904 -423.734
0 0 True 1 1 -8.228304 -423.71
0 0 True 1 1 -8.132064 -423.71
0 0 True 1 1 -8.083943 -423.71
0 0 True 1 1 -8.059883 -423.71
0 0 True 1 1 -8.059883 -423.71
0 0 True 1 1 -8.059883 -423.71
0 0 True 1 1 -8.059883 -423.71
0 0 True 1 1 -8.059883 -423.71
0 0 True 1 1 -8.059883 -423.71
0 0 True 1 1 -8.059883 -423.71
0 0 True 1 1 -8.059883 -423.71
0 0 True 1 1 -8.059883 -423.71
0 0 True 1 1 -8.059883 -423.71
1 0 True 1 1 -7.09748 -423.71
1 0 True 1 1 -3.007267 -423.5175
1 0 True 1 1 6.352101 -422.892
1 0 True 1 1 16.02425 -422.1942
1 0 True 1 1 29.30541 -421.2438
1 0 True 1 1 49.6843 -419.8724
1 0 True 1 1 67.20003 -418.8499
1 0 True 1 1 80 -418.1401
1 0 True 1 1 80 -417.8032
1 0 True 1 1 80 -417.719
1 0 True 1 1 80 -417.7431
1 0 True 1 1 80 -417.8273
1 0 True 1 1 80 -417.8393
1 0 True 1 1 80 -417.8874
1 0 True 1 1 80 -417.9596
1 0 True 1 1 80 -418.0558
1 0 True 0 0 80 -418.128
1 0 True 0 0 80 -418.2122
1 0 True 0 0 80 -418.2603
1 0 True 0 0 80 -418.2844
1 0 True 0 0 80 -418.2964
1 0 True 0 0 80 -418.2964
1 0 True 0 0 80 -418.2964
1 0 True 0 0 80 -418.2964
1 0 False 0 0 80 -418.2964
1 0 False 0 0 80 -418.2483
1 0 False 0 0 80 -418.2122
0 0 False 0 0 80 -417.9956
0 0 False 0 0 80 -417.8392
0 0 False 0 0 80 -417.6468
0 0 False 0 0 80 -417.5265
0 0 False 0 0 80 -417.4302
0 0 False 0 0 80 -417.3701
0 0 False 0 0 80 -417.346
0 0 False 0 0 80 -417.334
-1 0 False 0 0 80 -417.334
-1 0 False 0 0 80 -417.334
-1 0 False 0 0 80 -417.334
-1 0 False 0 0 80 -417.334
-1 0 False 0 0 80 -417.334
-1 0 False 0 0 80 -417.334
-1 0 False 0 0 80 -417.334
-1 0 False 0 0 80 -417.334
-1 0 False 0 0 80 -417.334
0 0 False 0 0 80 -417.334
0 0 False 0 0 80 -417.334
0 0 False 0 0 78.84512 -417.1896
0 0 False 0 0 76.05415 -416.8889
0 0 False 0 0 72.20454 -416.4799
0 0 False 0 0 68.52335 -416.1551
0 0 False 0 0 62.96547 -415.8303
0 0 False 0 0 57.14293 -415.6498
0 0 False 0 0 52.4031 -415.5656
0 0 False 0 0 46.53244 -415.4814
0 0 False 0 0 41.09486 -415.4453
0 0 False 0 0 36.71593 -415.4213
0 0 False 0 0 34.1415 -415.4092
0 0 False 0 0 28.10242 -415.2168
0 0 False 0 0 21.29342 -415.0243
0 0 False 0 0 15.73554 -414.892
0 0 False 0 0 10.34608 -414.8679
0 0 False 0 0 5.052868 -414.9401
0 0 False 0 0 0.1205525 -414.9521
0 0 False 0 0 -3.656879 -414.904
0 0 False 0 0 -7.314011 -414.7115
0 0 False 0 0 -9.888439 -414.519
0 0 False 0 0 -11.69294 -414.3987
0 0 False 0 0 -12.77565 -414.3386
0 0 False 0 0 -13.18467 -414.3266
0 0 False 0 0 -13.32903 -414.3266
0 0 False 0 0 -13.35309 -414.3266
0 0 False 0 0 -13.35309 -414.3266
0 0 False 0 0 -13.35309 -414.3266
0 0 False 0 0 -13.35309 -414.3266
0 0 False 0 0 -13.35309 -414.3266
0 0 False 0 0 -13.35309 -414.3266
0 0 False 0 0 -13.35309 -414.3266
0 0 False 0 0 -13.35309 -414.3266
0 0 False 0 0 -13.35309 -414.3266
0 0 False 0 0 -13.35309 -414.3266
0 0 False 0 0 -13.35309 -414.3266
0 0 False 0 0 -13.35309 -414.3266
0 0 False 0 0 -12.58317 -414.2303
0 0 False 0 0 -10.2734 -413.9175
0 0 False 0 0 -8.011754 -413.6408
0 0 False 0 0 -5.653867 -413.4604
0 0 False 0 0 -3.705001 -413.3762
0 0 False 0 0 -2.694478 -413.3642
0 0 False 0 0 -2.189216 -413.3642
0 0 False 0 0 -2.044855 -413.3642
0 0 False 0 0 -2.044855 -413.3642
0 0 False 0 0 -2.044855 -413.3642
0 0 False 0 0 -2.044855 -413.3642
0 0 False 0 0 -2.044855 -413.3642
0 0 False 0 0 -2.044855 -413.3642
0 0 False 0 0 -2.044855 -413.3642
0 0 False 0 0 -2.044855 -413.3642
0 0 False 0 0 -1.948615 -413.316
0 0 False 0 0 -1.876435 -413.2799
0 0 False 0 0 -1.828315 -413.2559
0 0 False 0 0 -1.804255 -413.2439
0 0 False 0 0 -1.804255 -413.2439
0 0 False 0 0 -1.804255 -413.2439
0 0 False 0 0 -1.804255 -413.2439
0 0 False 0 0 -1.804255 -413.2439
0 0 False 0 0 -1.804255 -413.2439
0 0 False 0 0 -1.804255 -413.2439
0 0 False 0 0 -1.804255 -413.2439
0 0 False 0 0 -1.804255 -413.2439
0 0 False 0 0 -1.804255 -413.2439
0 0 False 0 0 -1.804255 -413.2439
0 0 False 0 0 -1.804255 -413.2439
0 0 False 0 0 -1.804255 -413.2439
0 0 False 0 0 -1.804255 -413.2439
0 0 False 0 0 -1.804255 -413.2439
0 0 False 0 0 -1.804255 -413.2439
0 0 False 0 0 -1.804255 -413.2439
0 0 False 0 0 -1.804255 -413.2439
0 0 False 0 0 -1.804255 -413.2439
0 0 False 0 0 -1.804255 -413.2439
0 0 False 0 0 -1.804255 -413.2439
0 0 False 0 0 -1.804255 -413.2439
0 0 False 0 0 -1.804255 -413.2439
0 0 False 0 0 -1.804255 -413.2439
0 0 False 0 0 -1.804255 -413.2439
0 0 False 0 0 -1.804255 -413.2439
0 0 False 0 0 -1.804255 -413.2439
0 0 False 0 0 -1.804255 -413.2439
0 0 False 0 0 -1.804255 -413.2439
0 0 False 0 0 -1.804255 -413.2439
0 0 False 0 0 -1.804255 -413.2439
0 0 False 0 0 -1.804255 -413.2439
0 0 False 0 0 -1.804255 -413.2439
0 0 False 0 0 -1.804255 -413.2439
0 0 False 0 0 -1.804255 -413.2439
0 0 False 0 0 -1.804255 -413.2439
0 0 False 0 0 -1.804255 -413.2439
0 0 False 0 0 -1.804255 -413.2439
0 0 False 0 0 -1.804255 -413.2439
0 0 False 0 0 -1.804255 -413.2439
0 0 False 0 0 -1.804255 -413.2439
0 0 False 0 0 -1.804255 -413.2439
0 0 False 0 0 -1.804255 -413.2439
0 0 False 0 0 -1.804255 -413.2439
0 0 False 0 0 -1.804255 -413.2439
0 0 False 0 0 -1.804255 -413.2439
0 0 False 0 0 -1.804255 -413.2439
0 0 False 0 0 -1.804255 -413.2439
