0 0 False 1 1 -11.63988 -122.2769
0 0 False 1 1 -11.63988 -122.2769
0 0 False 1 1 -11.63988 -122.2769
0 0 False 1 1 -11.63988 -122.2769
1 0 False 1 1 -11.63988 -122.2769
1 0 False 1 1 -11.63988 -122.2769
1 0 False 1 1 -11.63988 -122.2769
1 0 False 1 1 -11.63988 -122.2769
1 0 False 1 1 -11.63988 -122.2769
1 0 False 1 1 -11.63988 -122.2769
1 0 False 1 1 -11.63988 -122.2769
1 0 False 1 1 -11.63988 -122.2769
1 0 False 1 1 -11.63988 -122.2769
1 0 False 1 1 -11.63988 -122.2769
1 0 False 1 1 -11.63988 -122.2769
1 0 False 1 1 -11.63988 -122.2769
1 0 False 1 1 -11.63988 -122.2769
1 0 False 1 1 -11.63988 -122.2769
1 0 False 1 1 -11.63988 -122.2769
1 0 False 1 1 -11.63988 -122.2769
1 0 False 1 1 -11.63988 -122.2769
1 0 False 1 1 -11.63988 -122.2769
1 0 False 1 1 -11.63988 -122.2769
1 0 False 1 1 -11.63988 -122.2769
1 0 False 1 1 -11.63988 -122.2769
1 0 False 1 1 -11.63988 -122.2769
1 0 False 1 1 -11.63988 -122.2769
1 0 False 1 1 -11.63988 -122.2769
1 0 False 1 1 -11.63988 -122.2769
1 0 False 1 1 -11.63988 -122.2769
1 0 False 1 1 -11.63988 -122.2769
1 0 False 1 1 -11.63988 -122.2769
1 0 False 1 1 -11.63988 -122.2769
0 0 False 1 1 -11.63988 -122.2769
0 0 False 1 1 -11.63988 -122.2769
0 0 False 1 1 -11.63988 -122.2769
0 0 False 1 1 -11.63988 -122.2769
0 0 False 1 1 -11.63988 -122.2769
0 0 False 1 1 -12.56827 -122.4316
0 0 False 1 1 -14.34769 -122.5476
0 0 False 1 1 -18.56413 -122.7024
0 0 False 1 1 -25.10155 -122.3349
0 0 False 1 1 -38.64058 -120.8649
0 0 False 1 1 -60.68986 -116.7645
0 0 False 1 1 -80 -108.3897
0 0 False 1 1 -80 -93.86424
0 0 False 1 1 -80 -71.98904
0 0 False 1 1 -80 -48.39244
0 0 False 1 1 -80 -25.18267
0 0 False 1 1 -80 -3.945738
0 0 False 1 1 -80 13.51961
0 0 False 1 1 -68.70458 29.37962
1 0 False 1 1 -46.6553 41.83553
1 0 False 1 1 -9.248898 54.52353
1 0 False 1 1 32.49 65.39343
1 0 True 1 1 72.10133 74.27116
1 0 True 1 1 80 82.83943
1 0 True 1 1 80 88.52583
1 0 True 1 1 80 92.62622
1 0 True 1 1 80 94.79247
1 0 True 1 1 80 95.43073
1 0 True 1 1 80 95.6048
1 0 True 1 1 80 95.54678
1 0 True 1 1 80 95.5081
1 0 True 1 1 80 95.5081
1 0 False 1 1 80 95.66283
1 0 False 1 1 80 95.62415
1 0 False 1 1 80 95.5081
1 0 False 1 1 80 95.33403
1 0 False 1 1 80 95.19864
1 0 False 1 1 80 95.14062
0 0 False 1 1 80 94.88918
0 0 False 1 1 80 94.56037
0 0 False 1 1 80 93.70934
0 0 False 1 1 80 92.3361
0 0 False 1 1 80 90.40195
-1 0 False 1 1 80 88.10031
-1 0 False 1 1 80 85.48921
-1 0 False 1 1 80 82.16248
-1 0 False 1 1 80 78.42957
-1 0 False 1 1 80 74.13577
-1 0 False 1 1 80 69.28105
-1 0 False 1 1 80 64.27161
0 0 False 1 1 80 59.26217
0 0 False 1 1 80 54.17536
0 0 False 1 1 79.96132 48.81777
0 0 False 1 1 79.49712 43.61491
0 0 False 1 1 78.53005 39.01164
0 0 False 1 1 77.0601 35.5882
0 0 False 1 1 72.99839 29.76642
0 0 False 1 1 68.12434 23.51912
0 0 False 0 0 62.55399 17.29117
0 0 False 0 0 56.24867 10.25087
0 0 False 0 0 49.55652 2.610993
0 0 False 0 0 43.36725 -6.131351
0 0 False 0 0 38.29979 -14.13872
0 0 False 0 0 33.5031 -21.79794
0 0 False 0 0 29.86691 -28.08392
0 0 False 0 0 26.88832 -32.80324
0 0 False 0 0 24.29656 -36.40076
0 0 False 0 0 22.43978 -39.08922
0 0 False 0 0 20.77641 -41.31349
0 0 False 0 0 19.69329 -43.73117
0 0 False 0 0 19.46119 -46.59371
0 0 False 0 0 19.46119 -49.64967
0 0 False 0 0 19.11305 -53.11179
0 0 False 0 0 18.5328 -56.32248
0 0 False 0 0 16.83076 -59.30106
0 0 False 0 0 15.47685 -61.73809
0 0 False 0 0 14.04558 -63.53685
0 0 False 0 0 12.8851 -64.73602
0 0 False 0 0 11.99539 -65.62572
0 0 False 0 0 11.45383 -66.24465
0 0 False 0 0 11.067 -66.80556
0 0 False 0 0 10.87358 -67.21173
0 0 False 0 0 10.64149 -67.50185
0 0 False 0 0 10.48675 -67.73396
0 0 False 0 0 10.40939 -67.92737
0 0 False 0 0 10.3707 -68.12078
0 0 False 0 0 10.3707 -68.23683
0 0 False 0 0 10.3707 -68.37222
0 0 False 0 0 10.21597 -68.68169
0 0 False 0 0 10.09992 -68.89444
0 0 False 0 0 9.867826 -69.02983
0 0 False 0 0 9.713095 -69.16522
0 0 False 0 0 9.635729 -69.22324
0 0 False 0 0 9.442314 -69.26192
0 0 False 0 0 9.326265 -69.35863
0 0 False 0 0 9.248899 -69.41666
0 0 False 0 0 9.210217 -69.45534
0 0 False 0 0 9.210217 -69.47468
0 0 False 0 0 9.210217 -69.47468
0 0 False 0 0 9.210217 -69.47468
0 0 False 0 0 9.210217 -69.47468
0 0 False 0 0 9.210217 -69.47468
0 0 False 0 0 9.210217 -69.47468
0 0 False 0 0 9.210217 -69.47468
0 0 False 0 0 9.210217 -69.47468
0 0 False 0 0 9.210217 -69.47468
0 0 False 0 0 9.210217 -69.47468
0 0 False 0 0 9.210217 -69.47468
0 0 False 0 0 9.210217 -69.47468
0 0 False 0 0 9.210217 -69.47468
0 0 False 0 0 9.210217 -69.47468
0 0 False 0 0 9.210217 -69.47468
0 0 False 0 0 9.210217 -69.31995
0 0 False 0 0 9.210217 -69.28127
0 0 False 0 0 9.210217 -69.10719
0 0 False 0 0 9.210217 -68.99114
0 0 False 0 0 9.210217 -68.93312
0 0 False 0 0 9.210217 -68.89444