0 0 False 0 0 0.8134758 43.7496
0 0 False 0 0 0.8134758 43.7496
0 0 False 0 0 0.8134758 43.7496
0 0 False 0 0 0.8134758 43.7496
0 0 False 0 0 0.8134758 43.7496
0 0 False 0 0 0.8134758 43.7496
0 0 False 0 0 0.8134758 43.7496
0 0 False 0 0 0.8134758 43.7496
0 0 False 0 0 0.8134758 43.7496
0 0 False 0 0 0.8134758 43.7496
0 0 False 0 0 0.8134758 43.7496
0 0 False 0 0 0.8134758 43.7496
0 0 False 0 0 0.8134758 43.7496
0 0 False 0 0 0.8134758 43.7496
0 0 False 0 0 0.8134758 43.7496
0 0 False 0 0 0.8134758 43.7496
0 0 False 0 0 0.8134758 43.7496
0 0 False 0 0 0.8134758 43.7496
0 0 False 0 0 0.8134758 43.7496
0 0 False 0 0 0.8134758 43.7496
0 0 False 0 0 0.8134758 43.7496
0 0 False 0 0 0.8134758 43.7496
0 0 False 1 1 0.656632 43.78881
0 0 False 1 1 0.1468895 43.81821
0 0 False 1 1 -0.6177242 43.83782
0 0 False 1 1 -1.931291 43.88683
0 0 False 1 1 -2.970382 43.91624
0 0 False 1 1 -3.970261 43.93584
0 0 False 1 1 -5.166195 43.94565
0 0 False 1 1 -6.107258 43.94565
0 0 False 1 1 -6.852266 43.94565
0 0 False 1 1 -7.871751 43.94565
0 0 False 1 1 -9.106896 43.94565
0 0 False 1 1 -10.24401 43.94565
0 0 False 1 1 -11.10666 43.94565
0 0 False 1 1 -11.77324 43.94565
0 0 False 1 1 -12.42022 43.94565
0 0 False 1 1 -12.89075 43.94565
0 0 False 1 1 -13.4005 43.94565
0 0 False 1 1 -13.69458 43.94565
0 0 False 1 1 -13.98866 43.94565
0 0 False 1 1 -14.24353 43.94565
0 0 False 1 1 -14.61604 43.94565
0 0 False 1 1 -15.1846 43.94565
0 0 False 1 1 -15.87079 43.94565
0 0 False 1 1 -16.94909 43.94565
0 0 False 1 1 -17.81173 43.94565
0 0 False 1 1 -18.71358 43.94565
0 0 False 1 1 -19.32135 43.94565
0 0 False 1 1 -19.92912 43.94565
0 0 False 1 1 -20.85057 43.94565
0 0 False 1 1 -21.59558 43.94565
0 0 False 1 1 -22.30138 43.94565
0 0 False 1 1 -22.85033 43.94565
0 0 False 1 1 -23.20323 43.94565
0 0 False 1 1 -23.71297 43.94565
0 0 False 1 1 -24.26193 43.94565
0 0 False 1 1 -24.61483 43.94565
0 0 False 1 1 -25.04615 43.94565
0 0 False 1 1 -25.28141 43.94565
0 0 False 1 1 -25.39905 43.94565
0 0 False 1 1 -25.45786 43.94565
0 0 False 1 1 -25.45786 43.94565
0 0 False 1 1 -25.45786 43.94565
0 0 False 1 1 -25.45786 43.94565
0 0 False 1 1 -25.37944 43.94565
0 0 False 1 1 -24.61483 43.94565
0 0 False 1 1 -23.02678 43.94565
0 0 False 1 1 -21.18387 43.94565
0 0 False 1 1 -17.45883 43.98486
0 0 False 1 1 -10.57731 44.21032
0 0 False 1 1 -4.205526 44.45539
0 0 False 1 1 1.57809 44.73967
0 0 False 1 1 12.94927 45.38665
0 0 False 1 1 22.69319 45.89639
0 0 False 1 1 36.18176 46.25909
0 0 False 0 1 44.80817 46.44535
1 0 False 0 0 54.72855 46.48456
1 0 False 0 0 60.82585 46.49436
1 0 True 0 0 74.19678 46.37673
1 0 True 0 0 80 46.2885
1 0 True 0 0 80 46.30811
1 0 True 0 0 80 46.37672
1 0 True 0 0 80 46.56298
1 0 True 0 0 80 46.69041
1 0 True 0 0 80 46.75903
1 0 True 0 0 80 46.78844
1 0 True 0 0 80 46.78844
1 0 True 0 0 80 46.78844
1 0 True 0 0 80 46.78844
1 0 True 0 0 80 46.78844
1 0 False 0 0 80 46.78844
1 0 False 0 0 80 46.78844
1 0 False 0 0 80 46.78844
0 0 False 0 0 80 46.78844
0 0 False 0 0 80 46.78844
0 0 False 0 0 80 46.78844
0 0 False 0 0 80 46.78844
0 0 False 0 0 80 46.78844
0 0 False 0 0 80 46.78844
0 0 False 0 0 80 46.78844
0 0 False 0 0 80 46.78844
0 0 False 0 0 80 46.74923
-1 0 False 0 0 80 46.6414
-1 0 False 0 0 80 46.52376
-1 0 False 0 0 80 46.32771
-1 0 False 0 0 80 46.12185
-1 0 False 0 0 80 45.87678
-1 0 False 0 0 80 45.68073
-1 0 False 0 0 80 45.5729
-1 0 False 0 0 80 45.52388
0 0 False 0 0 80 45.51408
0 0 False 0 0 80 45.51408
0 0 False 0 0 80 45.51408
0 0 False 0 0 80 45.47486
0 0 False 0 0 80 45.44546
0 0 False 0 0 80 45.38664
0 0 False 0 0 80 45.34743
0 0 False 0 0 80 45.28862
0 0 False 0 0 80 45.21019
0 0 False 0 0 80 45.08276
0 0 False 0 0 80 44.95533
0 0 False 0 0 80 44.83769
0 0 False 0 0 80 44.76907
0 0 False 0 0 80 44.73967
0 0 False 0 0 80 44.72986
0 0 False 0 0 80 44.69065
0 0 False 0 0 80 44.58282
0 0 False 0 0 80 44.5044
0 0 False 0 0 80 44.45538
0 0 False 0 0 80 44.39657
0 0 False 0 0 80 44.32795
0 0 False 0 0 79.21578 43.88683
0 0 False 0 0 76.0397 42.85754
0 0 False 0 0 71.11872 41.76943
0 0 False 0 0 66.19775 40.89699
0 0 False 0 0 57.64976 40.26961
0 0 False 0 0 47.67057 39.98533
0 0 False 0 0 39.00494 39.8677
0 0 False 0 0 28.57483 39.82849
0 0 False 0 0 21.14435 39.8677
0 0 False 0 0 14.18441 40.48527
0 0 False 0 0 9.243826 41.22048
0 0 False 0 0 6.53827 41.84785
0 0 False 0 0 4.538511 42.3772
0 0 False 0 0 2.440725 42.97517
0 0 False 0 0 0.1664896 43.62215
0 0 False 0 0 -1.794058 44.20051
0 0 False 0 0 -3.401707 44.70045
0 0 False 0 0 -5.479888 45.39644
0 0 False 0 0 -7.009115 45.9552
0 0 False 0 0 -7.930573 46.2983
0 0 False 0 0 -8.361893 46.46494
0 0 False 0 0 -8.42071 46.49435
0 0 False 0 0 -8.42071 46.49435
0 0 False 0 0 -8.42071 46.49435
0 0 False 0 0 -8.42071 46.49435
0 0 False 0 0 -8.42071 46.49435
0 0 False 0 0 -8.42071 46.49435
0 0 False 0 0 -8.42071 46.49435
0 0 False 0 0 -8.42071 46.49435
0 0 False 0 0 -8.42071 46.49435
0 0 False 0 0 -8.42071 46.49435
0 0 False 0 0 -8.42071 46.49435
0 0 False 0 0 -8.42071 46.49435
0 0 False 0 0 -8.42071 46.49435
0 0 False 0 0 -8.42071 46.49435
0 0 False 0 0 -8.42071 46.49435
0 0 False 0 0 -8.42071 46.49435
0 0 False 0 0 -8.42071 46.49435
0 0 False 0 0 -8.42071 46.49435
0 0 False 0 0 -8.42071 46.49435
0 0 False 0 0 -8.42071 46.49435
0 0 False 0 0 -8.42071 46.49435
0 0 False 0 0 -8.42071 46.49435
0 0 False 0 0 -8.42071 46.49435
0 0 False 0 0 -8.42071 46.49435
0 0 False 0 0 -8.42071 46.49435
0 0 False 0 0 -8.42071 46.49435
0 0 False 0 0 -8.42071 46.49435
0 0 False 0 0 -8.42071 46.49435
0 0 False 0 0 -8.42071 46.49435
0 0 False 0 0 -8.42071 46.49435
0 0 False 0 0 -8.42071 46.49435
0 0 False 0 0 -8.42071 46.49435
0 0 False 0 0 -8.42071 46.49435
0 0 False 0 0 -8.42071 46.49435
0 0 False 0 0 -8.42071 46.49435
0 0 False 0 0 -8.42071 46.49435
0 0 False 0 0 -8.42071 46.49435
