0 0 False 0 0 -11.18478 -389.4623
0 0 False 0 0 -11.18478 -389.4623
0 0 False 0 0 -11.18478 -389.4623
0 0 False 0 0 -11.18478 -389.4623
0 0 False 0 0 -11.18478 -389.4623
0 0 False 0 0 -11.18478 -389.4623
0 0 False 0 0 -11.18478 -389.4623
0 0 False 0 0 -11.18478 -389.4623
0 0 False 0 0 -11.18478 -389.4623
0 0 False 0 0 -11.18478 -389.4623
0 0 False 0 0 -11.18478 -389.4623
0 0 False 0 0 -11.18478 -389.4623
0 0 False 0 0 -11.18478 -389.4623
0 0 False 0 0 -11.18478 -389.4623
0 0 False 0 0 -11.18478 -389.4623
0 0 False 0 0 -11.34162 -389.2663
0 0 False 0 0 -11.53768 -388.9624
0 0 False 0 0 -11.83176 -388.3154
0 0 False 0 0 -12.10624 -386.845
0 0 False 0 0 -12.26308 -385.8256
0 0 False 0 0 -12.3415 -382.6593
0 0 False 0 0 -12.36111 -379.9439
0 0 False 0 0 -12.36111 -377.356
0 0 False 0 0 -12.51795 -374.9445
0 0 False 0 0 -12.63558 -373.6604
0 0 False 0 0 -12.71401 -372.8467
0 0 False 0 0 -12.75322 -372.4742
0 0 False 0 0 -12.83164 -372.288
0 0 False 0 0 -12.96888 -372.141
1 0 False 0 0 -13.30217 -371.7488
1 0 False 0 1 -13.69428 -371.2391
1 0 False 1 1 -14.106 -370.7392
1 0 False 1 1 -14.36087 -370.4255
1 0 False 1 1 -14.4785 -370.2882
1 0 False 1 1 -14.51771 -370.249
1 0 False 1 1 -14.51771 -370.249
1 0 False 1 1 -14.51771 -370.249
1 0 False 1 1 -14.59613 -370.1706
1 0 False 1 1 -14.73337 -370.0334
1 0 False 1 1 -15.06666 -369.8177
1 0 False 1 1 -15.45877 -369.5922
1 0 False 1 1 -15.71364 -369.455
1 0 False 1 1 -15.85088 -369.3864
1 0 False 1 1 -16.59589 -369.2491
1 0 False 1 1 -17.51735 -369.1609
1 0 False 1 1 -19.02697 -369.1805
1 0 False 1 1 -20.28172 -369.2883
1 0 False 1 1 -21.22279 -369.4648
1 0 False 1 1 -22.3599 -369.9353
1 0 False 1 1 -23.16373 -370.4156
1 0 False 1 1 -24.35966 -371.3175
1 0 False 1 1 -25.35954 -372.0821
1 0 False 1 1 -26.6339 -373.082
1 0 False 1 1 -27.84944 -374.1505
1 0 False 1 1 -29.33946 -375.5719
1 0 False 1 1 -30.61381 -376.7874
1 0 False 1 1 -31.57448 -377.8069
1 0 False 1 1 -32.80963 -379.1597
1 0 False 1 1 -34.16241 -380.7183
1 -1 False 1 1 -35.67203 -382.571
1 -1 False 1 1 -36.63269 -383.7571
1 -1 True 1 1 -37.41691 -384.9041
1 -1 True 1 1 -37.80902 -385.5216
1 -1 True 1 1 -37.96587 -385.953
1 -1 True 1 1 -38.04429 -386.2863
1 -1 True 1 1 -38.12271 -386.5411
1 -1 True 1 1 -38.18153 -386.8646
1 -1 True 1 1 -38.22074 -387.3351
1 -1 True 1 1 -38.24034 -387.7273
1 -1 True 1 1 -38.0835 -388.5115
1 -1 True 1 1 -37.88744 -389.1879
1 -1 True 1 1 -37.7502 -389.9525
1 -1 True 1 1 -37.67178 -391.0602
1 -1 True 1 1 -37.65218 -392.3345
1 -1 True 1 1 -37.49533 -393.7657
1 -1 True 1 1 -37.3777 -394.6578
1 -1 True 1 1 -37.06401 -396.1968
1 -1 True 1 1 -36.84835 -397.7555
1 -1 True 1 1 -36.73072 -399.0984
1 -1 True 1 1 -36.6719 -400.7551
1 -1 True 1 1 -36.6719 -402.9117
1 -1 True 1 1 -36.6719 -405.5389
1 -1 True 1 1 -36.6719 -407.8523
1 -1 True 1 1 -36.6719 -411.4009
1 -1 True 1 1 -36.6719 -414.1947
1 -1 True 1 1 -36.6719 -416.9101
1 -1 True 1 1 -36.51506 -419.351
1 -1 True 1 1 -36.39742 -420.6351
1 -1 True 1 1 -36.319 -421.3899
1 -1 True 1 1 -36.27979 -421.6546
1 -1 True 1 1 -36.27979 -421.6938
1 -1 True 1 1 -36.27979 -421.7134
1 -1 True 1 1 -36.27979 -421.7134
1 -1 True 1 1 -36.27979 -421.7134
1 -1 True 1 1 -36.27979 -421.7134
1 -1 True 1 1 -36.27979 -421.7134
1 -1 True 1 1 -36.27979 -421.7134
1 -1 True 1 1 -36.27979 -421.7134
1 -1 True 1 1 -36.43663 -422.3408
1 -1 True 1 1 -36.94638 -423.3603
1 -1 True 1 1 -37.55415 -424.3601
1 -1 True 1 1 -38.59324 -425.5463
1 -1 True 1 1 -40.14207 -427.1735
1 -1 True 1 1 -41.63208 -428.8498
1 -1 True 1 1 -42.72999 -430.2418
1 -1 True 1 1 -43.29855 -431.026
1 -1 True 1 1 -43.72987 -432.6336
1 -1 True 1 1 -43.71027 -434.506
1 -1 True 1 1 -43.65145 -435.8097
1 -1 True 1 1 -43.59264 -436.6528
1 -1 True 1 1 -43.53382 -436.937
1 -1 True 1 1 -43.53382 -436.9861
1 -1 True 1 1 -43.53382 -437.0056
1 -1 True 1 1 -43.53382 -437.0056
1 -1 True 1 1 -43.53382 -437.0056
1 -1 True 1 1 -43.53382 -437.0056
1 -1 True 1 1 -43.53382 -437.0056
1 -1 True 1 1 -43.53382 -437.0056
1 -1 True 1 1 -43.53382 -437.3193
1 -1 True 1 1 -43.53382 -437.5546
1 -1 True 1 1 -43.92593 -438.6917
1 -1 True 1 1 -44.5337 -440.2503
1 -1 True 1 1 -45.20029 -442.0834
1 -1 True 1 1 -45.78845 -444.1126
1 -1 True 1 1 -46.25898 -445.7007
1 -1 True 1 1 -46.82754 -447.7788
1 -1 True 1 1 -47.18044 -449.3767
1 -1 True 1 1 -47.45491 -450.8863
1 -1 True 1 1 -47.67057 -452.1704
1 -1 True 1 1 -47.92545 -453.5036
1 -1 True 1 1 -48.10189 -454.3466
1 -1 True 1 1 -48.43519 -455.3661
1 -1 True 1 1 -48.88612 -456.4836
1 -1 True 1 1 -49.1802 -457.4737
1 -1 True 1 1 -49.43507 -458.503
1 -1 True 1 1 -49.70955 -459.4735
1 -1 True 1 1 -49.94481 -460.2773
1 -1 True 1 1 -50.18008 -461.14
1 -1 True 1 1 -50.55259 -462.1986
1 -1 True 1 1 -50.94469 -463.2573
1 -1 True 1 1 -51.35641 -464.2768
1 -1 True 1 1 -51.61128 -464.8748
1 -1 True 1 1 -51.72892 -465.6982
1 -1 True 1 1 -51.76813 -466.7471
1 -1 True 1 1 -51.76813 -467.4333
1 -1 True 1 1 -51.76813 -468.1194
1 -1 True 1 1 -51.76813 -468.5802
1 -1 True 1 1 -51.76813 -468.8448
1 -1 True 1 1 -51.76813 -469.0017
1 -1 True 1 1 -51.76813 -469.0507
1 -1 True 1 1 -51.76813 -469.0605
1 -1 True 1 1 -51.61128 -469.2173
1 -1 True 1 1 -51.49365 -469.335
1 -1 True 1 1 -51.41523 -469.4134
1 -1 True 1 1 -51.37601 -469.4526
1 -1 True 1 1 -51.37601 -469.4526
1 -1 True 1 1 -51.37601 -469.4526
1 -1 True 1 1 -51.37601 -469.4526
1 -1 True 1 1 -51.37601 -469.4526
1 -1 True 1 1 -51.21917 -469.4918
1 -1 True 1 1 -51.17996 -469.7565
1 -1 True 1 1 -51.00351 -470.7368
1 -1 True 1 1 -50.88588 -471.8445
1 -1 True 1 1 -50.9839 -474.2756
1 -1 True 1 1 -51.21917 -476.3636
1 -1 True 1 1 -51.41523 -477.6281
1 -1 True 1 1 -52.00339 -480.069
1 -1 True 1 1 -52.55235 -482.4315
1 -1 True 1 1 -52.90524 -484.1665
1 -1 True 1 1 -53.1013 -485.6173
1 -1 True 1 1 -53.14051 -486.5584
1 -1 True 1 1 -52.98367 -487.3622
1 -1 True 1 1 -52.78761 -488.1367
1 -1 True 1 1 -52.57195 -488.7738
1 -1 True 1 1 -52.35629 -489.411
1 -1 True 1 1 -52.08181 -490.2541
1 -1 True 1 1 -51.90536 -490.95
1 -1 True 1 1 -51.80734 -491.3716
1 -1 True 1 1 -51.76813 -492.1165
1 -1 True 1 1 -51.76813 -492.9988
1 -1 True 1 1 -51.6897 -493.7536
1 -1 True 1 1 -51.47404 -494.4594
1 -1 True 1 1 -51.23878 -494.9005
1 -1 True 1 1 -50.84667 -495.3123
1 -1 True 1 1 -50.51337 -495.6357
1 -1 True 1 1 -50.08205 -495.8906
1 -1 True 1 1 -49.41547 -496.1553
1 -1 True 1 1 -48.98415 -496.3023
1 -1 True 1 1 -47.86663 -496.5376
0 0 False 1 1 -46.25898 -496.8807
0 0 False 1 1 -45.18068 -497.1062
0 0 False 1 1 -43.59264 -497.3611
0 0 False 1 1 -42.35749 -497.5375
0 0 False 1 1 -39.84799 -497.7434
0 0 False 1 1 -37.39731 -497.9198
0 0 False 1 1 -33.45661 -498.1355
0 0 False 1 1 -29.96683 -498.2727
0 0 False 1 1 -24.71256 -498.3414
0 0 False 1 1 -18.67408 -498.3316
0 0 False 1 1 -13.49823 -498.2629
0 0 False 1 1 -4.303261 -497.9395
0 0 False 1 1 4.009462 -497.6258
0 0 False 1 1 16.10604 -497.3415
0 0 False 1 1 28.86921 -497.1748
0 0 False 0 1 39.00524 -497.116
0 0 False 0 0 47.33757 -497.0964
1 0 True 0 0 60.08113 -497.0964
1 0 True 0 0 70.23677 -497.0572
1 0 True 0 0 80 -496.8318
1 0 True 0 0 80 -496.4691
1 0 True 0 0 80 -496.175
1 0 True 0 0 80 -495.9985
1 0 True 0 0 80 -495.9299
1 0 True 0 0 80 -495.9201
1 0 True 0 0 80 -495.9593
1 0 True 0 0 80 -495.9887
1 0 True 0 0 80 -496.1652
0 0 False 0 0 80 -496.6063
0 0 False 0 0 80 -496.9984
0 0 False 0 0 80 -497.4102
0 0 False 0 0 80 -497.6846
0 0 False 0 0 80 -497.8121
0 0 False 0 0 80 -497.8709
0 0 False 0 0 80 -497.8807
0 0 False 0 0 80 -497.8807
0 0 False 0 0 80 -497.8807
0 0 False 0 0 80 -497.8807
0 0 False 0 0 80 -497.8807
0 0 False 0 0 80 -497.8807
0 0 False 0 0 80 -497.8807
-1 0 False 0 0 80 -497.8807
-1 0 False 0 0 80 -497.8807
-1 0 False 0 0 80 -497.8807
-1 0 False 0 0 80 -497.8807
-1 0 False 0 0 80 -497.8807
-1 0 False 0 0 80 -497.8807
-1 0 False 0 0 80 -497.8807
-1 0 False 0 0 80 -497.8807
0 0 False 0 0 80 -497.9199
0 0 False 0 0 80 -497.9493
0 0 False 0 0 80 -498.3218
0 0 False 0 0 80 -499.0668
0 0 False 0 0 80 -500.0667
0 0 False 0 0 80 -500.9783
0 0 False 0 0 80 -502.1743
0 0 False 0 0 79.76473 -503.7721
0 0 False 0 0 79.43144 -505.1249
0 0 False 0 0 78.96091 -506.311
0 0 False 0 0 77.47089 -508.2422
0 0 False 0 0 75.41232 -510.2517
0 0 False 0 0 71.72649 -512.7906
0 0 False 0 0 64.90378 -515.7118
0 0 False 0 0 56.7479 -518.0743
0 0 False 0 0 49.41545 -519.6624
0 0 False 0 0 39.37745 -520.623
0 0 False 0 0 29.77076 -520.5839
0 0 False 0 0 23.8303 -520.4074
0 0 False 0 0 16.75272 -518.79
0 0 False 0 0 12.47873 -517.398
0 0 False 0 0 9.773171 -516.3295
0 0 False 0 0 8.26355 -515.7217
0 0 False 0 0 7.949862 -515.5747
0 0 False 0 0 7.851835 -515.5257
0 0 False 0 0 7.851835 -515.5257
0 0 False 0 0 7.851835 -515.5257
0 0 False 0 0 7.22446 -514.4278
0 0 False 0 0 6.204975 -512.8201
0 0 False 0 0 3.205337 -509.4088
0 0 False 0 0 -0.2648335 -505.8994
0 0 False 0 0 -2.539069 -503.7134
0 0 False 0 0 -5.734762 -501.4784
0 0 False 0 0 -8.165842 -500.0962
0 0 False 0 0 -9.851913 -499.263
0 0 False 0 0 -10.83219 -498.7925
0 0 False 0 0 -11.10666 -498.6847
0 0 False 0 0 -11.16548 -498.6651
0 0 False 0 0 -11.16548 -498.6651
0 0 False 0 0 -11.16548 -498.6651
0 0 False 0 0 -11.16548 -498.6651
0 0 False 0 0 -11.16548 -498.6651
0 0 False 0 0 -11.16548 -498.6651
0 0 False 0 0 -11.16548 -498.6651
0 0 False 0 0 -11.16548 -498.6651
0 0 False 0 0 -11.16548 -498.6651
0 0 False 0 0 -11.16548 -498.6651
0 0 False 0 0 -11.16548 -498.6651
0 0 False 0 0 -11.16548 -498.6651
0 0 False 0 0 -11.16548 -498.6651
0 0 False 0 0 -11.16548 -498.6651
0 0 False 0 0 -11.16548 -498.6651
0 0 False 0 0 -11.16548 -498.6651
0 0 False 0 0 -11.16548 -498.6651
0 0 False 0 0 -11.16548 -498.6651
0 0 False 0 0 -11.16548 -498.6651
0 0 False 0 0 -11.16548 -498.6651
0 0 False 0 0 -11.16548 -498.6651
0 0 False 0 0 -11.16548 -498.6651
0 0 False 0 0 -11.16548 -498.6651
0 0 False 0 0 -11.16548 -498.6651
0 0 False 0 0 -11.16548 -498.6651
0 0 False 0 0 -11.16548 -498.6651
0 0 False 0 0 -11.16548 -498.6651
0 0 False 0 0 -11.16548 -498.6651
0 0 False 0 0 -11.16548 -498.6651
0 0 False 0 0 -11.16548 -498.6651
0 0 False 0 0 -11.16548 -498.6259
0 0 False 0 0 -11.16548 -498.4004
0 0 False 0 0 -11.2439 -498.0377
0 0 False 0 0 -11.30272 -497.7044
0 0 False 0 0 -11.34193 -497.4985
0 0 False 0 0 -11.36154 -497.4103
0 0 False 0 0 -11.36154 -497.3907
0 0 False 0 0 -11.36154 -497.3907
0 0 False 0 0 -11.36154 -497.3907
0 0 False 0 0 -11.36154 -497.3907
0 0 False 0 0 -11.36154 -497.3907
0 0 False 0 0 -11.36154 -497.3907
0 0 False 0 0 -11.36154 -497.3907
0 0 False 0 0 -11.36154 -497.3907
